Tempo	DP1	DP2	DP3	DP4	DP5
0	3,8494522	-2,0058703	-2,1111906	6,2378263	5,4431376
0,02	3,74413171	-4,389936	-5,041006	4,7537694	5,3952646
0,04	2,16432942	-9,397431	-5,739949	-7,7984796	1,8048047
0,06	1,016339577	3,039923	1,2303311	-7,501668	3,518651
0,08	1,47974827	10,977234	4,2463174	4,6005764	-2,5899186
0,1	1,26910806	-0,09095833	4,504831	4,150572	-6,7740016
0,12	0,942615476	-7,8846507	1,3165021	-2,867581	4,6005764
0,14	1,03740362	-2,0633178	-3,059072	-5,787822	2,4367256
0,16	1,04793568	1,7665064	-2,321831	-1,1920328	-3,2218397
0,18	1,11112771	-2,2452345	-1,948423	1,8431029	-0,13883112
0,2	0,784635236	-1,9771467	-3,4229054	1,469695	2,9250283
0,22	-0,026330042	0,5792609	-2,5516202	-0,13883112	0,33032233
0,24	-0,510802787	-2,88673	-2,0728924	-1,3260766	-1,9005502
0,26	-0,205374334	-6,3527207	-1,1633091	-1,9867213	0,56011176
0,28	0,510802787	-2,494173	-0,63670826	-2,0728924	2,0441687
0,3	0,247502387	0,7324539	-0,91437054	-1,8239537	1,9196993
0,32	0,468674745	-1,2207564	-1,0962871	-1,2303311	1,9388485
0,34	-0,026330042	-2,972901	-1,7569319	-0,6079846	0,8473486
0,36	-1,079531684	-2,714388	-1,8718265	-1,0196906	0,47394073
0,38	-0,942615476	-2,168638	-0,69415563	-1,9101248	0,98139244
0,4	2,11166923	-1,622888	-0,47394073	-2,034594	0,46436617
0,42	1,85890089	-1,8048047	-1,6420372	-1,79523	0,2441513
0,44	0,47920675	-1,948423	-1,8431029	-1,6994845	0,76117754
0,46	0,510802787	-1,5941644	-1,6803354	-1,6707608	1,2303311
0,48	0,416014654	-1,3356512	-1,709059	-1,5271424	0,665432
0,5	-0,47920675	-1,9196993	-1,4888442	-1,948423	0,023936402
0,52	-1,90102902	-1,9962958	-1,4026731	-2,88673	0,56968635
0,54	-1,73251672	-2,2069361	-1,6994845	-3,4420545	0,8473486
0,56	-0,3949506	-2,800559	-2,1590633	-2,2931073	0,46436617
0,58	-0,279098446	-2,494173	-1,8239537	-4,131423	0,023936402
0,6	-0,64771905	-2,1973617	-1,3930986	-5,3378177	-0,3111732
0,62	-0,81623124	-2,4558747	-1,5079932	-3,0877957	-0,93351966
0,64	-1,090063744	-2,101616	-1,2686293	-0,15798025	-0,30159867
0,66	-0,95314747	-1,5750152	-0,64628285	0,39734426	-0,32074776
0,68	-0,363354563	-1,2303311	-0,16755481	-2,4367256	-0,16755481
0,7	0,036862056	-1,2207564	-2,2165108	-4,715471	0,5218136
0,72	-1,11112771	-2,7909844	-2,513322	-4,5718527	-1,0867126
0,74	-2,11166923	-2,2739582	0,45479164	-1,6611862	-2,0824668
0,76	-1,10059576	1,1728836	1,6516117	0,6271337	-1,9962958
0,78	-0,42654667	1,3643749	1,8718265	0,665432	-1,3356512
0,8	-1,67985664	-1,5367169	1,6037389	-0,34947145	-0,26330042
0,82	-1,56400442	-3,5090764	-0,12925656	-1,2877784	1,9771467
0,84	-0,521334803	-3,8346114	-0,8760723	-2,3888528	3,2505634
0,86	-0,3949506	-4,389936	-1,0388398	-3,4803526	4,351638
0,88	-0,63718699	-3,9207826	-2,752686	-0,76117754	2,5228968
0,9	-0,700379086	-2,6856642	-5,7303743	5,2037735	3,758015
0,92	-0,700379086	-0,16755481	-6,544212	7,5399666	5,586756
0,94	-0,774103187	-0,59841	-2,8963046	3,126094	2,5324712
0,96	-0,60559092	-1,5175679	-0,4356425	4,7537694	0,16755481
0,98	-0,37388659	-3,1548176	0,081383765	7,8272033	-1,2016073
1	-0,447610702	-3,1835413	-1,2782038	8,363379	-0,85692316
1,02	-0,868891386	-2,254809	-2,0728924	2,168638	-0,03351096
1,04	-1,18485191	-1,9196993	-3,212265	-4,5144053	0,8281995
1,06	-1,05846763	-0,7994758	-3,825037	-8,784659	1,9388485
1,08	-1,43762014	0,8090504	-3,1643922	-6,2952733	2,034594
1,1	-1,92209292	1,1058618	-2,2835326	-0,56011176	1,2590547
1,12	-1,27964001	0,39734426	-1,5271424	1,3930986	-0,27287498
1,14	0,005266008	-0,16755481	-1,2590547	0,6558574	-2,4175766
1,16	0,489738777	-0,8473486	-1,0867126	-1,9579976	-2,0633178
1,18	1,16378779	-1,1920328	-0,7324539	-3,8729098	-1,4409714
1,2	2,25911741	-0,7324539	-0,39734426	-2,2739582	-1,5750152
1,22	2,53294987	-0,12925656	-0,0718092	0,25372586	2,8484318
1,24	0,79516723	-0,5218136	0,014361841	-0,56968635	5,0505805
1,26	-0,23697036	-1,1058618	-0,12925656	-1,4984187	3,2505634
1,28	-1,38496017	-2,0058703	-0,46436617	-2,0058703	2,015445
1,3	-1,19538386	-0,90479594	-0,64628285	-1,9196993	-1,7856555
1,32	-1,27964001	2,1782124	-0,512239	-1,6037389	0,28244954
1,34	-1,73251672	-0,7324539	0,043085523	-1,5750152	10,134672
1,36	-0,405482627	-1,469695	0,40691882	-1,4888442	-2,360129
1,38	0,131650211	-0,83777404	-0,00478728	-2,475024	-7,156984
1,4	0,58452691	-13,610238	-0,46436617	-3,3750327	2,360129
1,42	1,11112771	-5,079304	-0,7420284	-2,9441774	3,2218397
1,44	1,57453648	14,012369	-1,5654407	0,16755481	0,751603
1,46	2,11166923	9,799562	-1,0867126	-1,2399056	-1,2111819
1,48	1,974753	-6,8122997	0,14840569	-2,6090677	0,110107444
1,5	1,77464474	-10,661273	0,9718179	-1,4218222	2,9633265
1,52	1,67985664	-0,8090504	0,90479594	-1,9771467	3,1356685
1,54	1,85890089	1,5845897	1,0484143	-3,8633351	1,6324625
1,56	2,60667418	-2,3792782	-0,39734426	-5,194199	0,8186249
1,58	2,75412225	-0,7324539	-3,5952475	0,03351096	0,16755481
1,6	3,4387034	-0,2441513	-3,997379	2,3122563	0,4356425
1,62	4,16541246	-4,9069624	4,6771727	0,25372586	0,46436617
1,64	2,95423062	-6,113357	4,476107	-2,5324712	0,8760723
1,66	1,41655624	-1,6420372	0,70373017	-4,8782387	1,0292653
1,68	0,121118188	0,4356425	-0,90479594	-4,121848	0,78032666
1,7	0,32122651	-1,6516117	-5,299519	-2,6377914	0,92394507
1,72	1,76411279	-2,7718353	-4,351638	-1,8814012	0,83777404
1,74	2,18539343	-2,6282167	-1,14416	-0,45479164	0,8281995
1,76	1,32176803	-2,149489	-1,3069274	0,98139244	0,23457673
1,78	0,205374334	-2,0537431	-2,0537431	0,3877697	-0,40691882
1,8	-0,679315043	-1,7282082	-0,34947145	0,11968201	-0,9622433
1,82	-1,26910806	-1,9771467	0,47394073	0,27287498	-1,0579889
1,84	-1,079531684	-2,034594	-0,78990126	-1,2111819	-0,71330476
1,86	2,19592538	-1,9579976	-1,8431029	-2,1111906	0
1,88	3,14380682	-2,3026817	-1,7665064	-0,54096264	0,69415563
1,9	-1,24804394	-2,3026817	-2,2739582	6,4963393	-0,8952214
1,92	-3,22806297	-2,2069361	-1,9101248	8,104865	-2,1207652
1,94	-0,32122651	-2,2069361	-1,0005416	10,622974	-2,187787
1,96	2,52241803	-1,7569319	-1,2782038	8,478273	-0,8281995
1,98	3,45976752	-1,862252	-1,4505459	-7,1857076	0,043085523
2	0,774103187	-2,3026817	-1,3356512	-5,692076	1,8143792
2,02	-2,53294987	-1,9867213	-1,8143792	5,912291	4,543129
2,04	-2,51188586	-1,6707608	-1,8526775	7,741032	5,414414
2,06	-1,73251672	-2,2069361	-1,8814012	-1,8431029	3,3271596
2,08	-1,64826057	-2,4367256	-1,5271424	-6,2282515	3,3941817
2,1	-1,05846763	-2,2739582	-1,4601204	-7,855927	2,3505547
2,12	-0,384418595	-3,1165195	-1,5175679	-0,69415563	1,5845897
2,14	-0,858359326	-2,1111906	-1,5175679	7,051664	1,0867126
2,16	-1,5218764	0,8186249	-2,254809	1,7856555	-0,110107444
2,18	-0,837295294	0,93351966	-2,2356598	-5,146326	0,2441513
2,2	-0,279098446	-1,5654407	-1,5462915	-4,9739842	0,4835153
2,22	-0,32122651	-3,5952475	-0,9718179	-0,9622433	-0,023936402
2,24	-0,468674745	-4,849515	-0,50266445	-0,23457673	-0,5218136
2,26	-1,090063744	-4,763344	-0,49308985	-1,5558661	-0,27287498
2,28	-1,67985664	-4,504831	-0,751603	-2,0058703	-0,34947145
2,3	-1,55347247	-0,2920241	1,0962871	-2,6952388	-1,3739494
2,32	-1,26910806	0,50266445	5,5101595	-2,321831	-0,98139244
2,34	-0,7319752	0,45479164	6,0367603	-1,0292653	-1,3643749
2,36	-0,658251	-0,8473486	0,062234644	-0,9430942	-1,6516117
2,38	-0,81623124	-1,469695	-5,462287	-1,6037389	0,85692316
2,4	-0,64771905	-1,4792696	-8,526146	-1,6611862	2,5324712
2,42	-0,53186683	-1,776081	-10,747444	-1,7856555	1,7282082
2,44	-0,53186683	-1,862252	-5,586756	-1,4218222	2,149489
2,46	-0,68984707	-1,5845897	1,2782038	-0,5505372	2,1782124
2,48	-0,995275534	-0,2920241	3,4037561	-1,6899099	1,1154363
2,5	-0,87942338	1,1920328	2,427151	-1,0196906	7,769756
2,52	-0,289630462	1,5271424	0,56968635	-2,5994933	-0,081383765
2,54	-0,152714232	0,12925656	-2,4845984	-3,3941817	-1,4409714
2,56	-0,679315043	-0,7994758	-4,619725	-3,518651	-4,0261025
2,58	-1,26910806	-2,4845984	-4,1888704	-1,2303311	-0,83777404
2,6	-1,41655624	-5,0601554	-2,321831	-1,1154363	0,4164934
2,62	-1,03740362	-2,321831	-0,69415563	-2,6952388	3,1452432
2,64	-0,100054163	2,9920502	-0,40691882	-4,275041	3,2792869
2,66	0,57399496	0,9718179	-0,39734426	-2,733537	-1,3452257
2,68	0,710911135	-2,5707695	-1,0867126	-0,8760723	-1,2399056
2,7	0,64771905	-2,2452345	-1,3260766	-0,17712937	1,79523
2,72	0,90048739	-0,15798025	0,2154276	0,98139244	3,0303483
2,74	1,58506854	-7,1474094	3,1643922	1,0867126	2,3792782
2,76	1,026871626	-11,350641	3,4612036	0,54096264	0,27287498
2,78	-0,942615476	7,8367777	-1,1824582	0,8281995	-0,23457673
2,8	-3,25965915	12,116607	-5,0601554	0,110107444	0,30159867
2,82	-3,07008284	-3,365458	-2,8101335	-1,3452257	1,1728836
2,84	-1,96422105	-8,736787	1,1633091	-3,671844	1,0196906
2,86	-1,30070402	-2,6282167	1,4601204	0,7994758	0,9526688
2,88	1,23751188	2,3122563	-1,2590547	10,048501	1,0867126
2,9	-0,215906328	-0,92394507	-1,2111819	9,665519	0,8664977
2,92	0,437078686	-2,3792782	0,98139244	13,323001	1,0962871
2,94	0,93208346	-2,3984275	-5,28037	-4,1409974	1,0005416
2,96	1,51134434	-3,6239712	-4,236743	-8,363379	0,6845811
2,98	1,090063744	-3,604822	8,4686985	7,741032	0,665432
3	0,310694494	-1,6133134	5,0601554	6,6878304	0,2154276
3,02	0,521334803	-1,1728836	-0,665432	-2,714388	0,2154276
3,04	0,7319752	-2,015445	-1,8048047	-9,732541	-0,023936402
3,06	1,23751188	-2,4845984	-2,867581	-7,3006024	-0,11968201
3,08	2,43816188	-2,1782124	-0,45479164	-0,8856468	0,023936402
3,1	3,175403	-1,8143792	0,28244954	6,525063	0,30159867
3,12	3,67040773	-1,9579976	-2,513322	5,759098	0,32074776
3,14	3,5124276	-2,3122563	-1,8431029	-1,3260766	0,22500217
3,16	2,37496963	-2,1399143	-1,2303311	-4,2271686	-0,7994758
3,18	0,279098446	-1,5654407	-2,1590633	-3,7484405	-2,0920415
3,2	-1,69038859	-1,709059	-3,5378	-3,039923	-2,5707695
3,22	-1,18485191	-1,9867213	-2,1399143	-2,475024	-0,98139244
3,24	0,72144314	-2,101616	-1,0388398	-0,54096264	0,9430942
3,26	2,05900915	-2,3792782	-1,4505459	0,19627848	3,3367343
3,28	1,38496017	-2,0633178	-1,1154363	-0,39734426	4,495256
3,3	-0,58452691	-1,6803354	-0,8473486	-1,9675722	1,4218222
3,32	-1,36389616	-1,8814012	-0,7994758	-1,6899099	0,14840569
3,34	-0,616122936	-2,427151	-1,1250108	-0,3877697	0,19627848
3,36	0,07899012	-2,6090677	-1,8718265	-0,4835153	1,6324625
3,38	0,68984707	-2,475024	-2,3122563	-1,3356512	2,4654493
3,4	2,3855018	-1,8431029	-2,187787	-2,187787	1,1920328
3,42	1,64826057	-1,3930986	-2,149489	-1,2494801	1,2494801
3,44	-0,75303921	-2,187787	-1,8143792	-0,69415563	0,70373017
3,46	1,20591581	-3,9016335	-1,6133134	-1,709059	-0,0718092
3,48	1,19538386	-1,9675722	-1,9005502	-2,321831	-0,32074776
3,5	-0,72144314	1,3930986	-1,7856555	-2,9537518	-0,3111732
3,52	-0,32122651	1,4984187	-1,6037389	-3,8633351	0,42606795
3,54	1,41655624	-1,0292653	-1,7377827	-2,6760898	1,3260766
3,56	-1,13219183	-2,9441774	-1,5941644	-1,6133134	2,34098
3,58	-4,0390284	-3,8633351	-1,1824582	-2,0441687	3,4229054
3,6	-3,75466388	-4,2558923	-1,3165021	-2,427151	2,905879
3,62	-0,710911135	-4,236743	-1,3069274	-3,078221	1,6994845
3,64	0,858359326	-2,6186423	-0,9622433	-2,8484318	3,3271596
3,66	-0,121118188	0,665432	-1,3739494	-0,8473486	5,088879
3,68	-1,58506854	1,3260766	-1,7665064	0,69415563	5,3569665
3,7	-1,54294041	0,11968201	-1,3165021	0,76117754	5,682502
3,72	-0,068458108	-1,4409714	-1,3739494	1,0196906	2,2931073
3,74	-0,057926088	-2,408002	-0,78990126	0,7994758	-9,41658
3,76	-1,05846763	-2,8292825	0,49308985	-0,5792609	0,70373017
3,78	-1,41655624	-3,0973704	2,6760898	-5,0984535	1,8239537
3,8	-1,60613244	-1,469695	4,916537	-0,9622433	-2,0824668
3,82	-1,45868426	2,0441687	4,2271686	7,6261373	-3,1548176
3,84	-1,35336421	3,5282254	-0,64628285	8,746361	0,6558574
3,86	-1,10059576	2,3122563	-4,2271686	12,968742	2,5899186
3,88	-0,7319752	-0,64628285	-8,32508	5,0314317	0,8760723
3,9	-0,679315043	-3,4324799	-9,349558	-3,078221	-0,10053288
3,92	-0,60559092	-4,868664	-5,950589	-0,70373017	0,03351096
3,94	-0,68984707	-2,2739582	-2,1782124	5,079304	0,37819514
3,96	-0,700379086	1,9196993	-0,69415563	1,9005502	1,3069274
3,98	-0,416014654	2,2739582	1,0675635	-7,875076	1,6324625
4	-0,500270804	-0,18670394	1,0484143	-7,12826	0,26330042
4,02	-0,8267633	-1,1058618	-1,3260766	-4,993133	0,78032666
4,04	-0,58452691	-1,6037389	-3,7101421	0,7228793	0,71330476
4,06	-0,489738777	-2,1111906	-5,462287	7,6261373	0,56968635
4,08	-0,97421148	-8,621892	-5,8165455	3,9399316	0,5313881
4,1	-1,20591581	-1,9579976	-4,543129	-2,3888528	0,14840569
4,12	-0,42654667	9,033598	-2,8963046	-4,916537	0,33032233
4,14	0,23697036	-0,26330042	-1,5845897	-2,8580062	1,4792696
4,16	0,184310291	-7,2527294	-0,50266445	-0,6271337	0,92394507
4,18	0,279098446	-2,714388	0,062234644	-0,69415563	0,062234644
4,2	0,542398835	1,1058618	0,12925656	-1,5079932	0,25372586
4,22	0,552930895	-1,6516117	0,359046	-2,0728924	0,7994758
4,24	1,14272378	-3,5378	0,36862057	-1,6611862	0,18670394
4,26	1,70092065	-1,4888442	-0,3398969	-0,63670826	-0,023936402
4,28	0,858359326	-2,0537431	-0,49308985	-0,78032666	0,8186249
4,3	-2,17486137	-3,7005677	-0,64628285	-1,79523	0,4164934
4,32	-3,0068907	-2,1303396	-0,4356425	-1,9962958	0,043085523
4,34	-3,94424019	-0,37819514	0,2441513	-1,6420372	0
4,36	-2,94369878	-1,6994845	0,18670394	0,23457673	0,46436617
4,38	0,64771905	-3,0016246	-0,751603	0,4164934	-0,15798025
4,4	-1,16378779	-1,948423	-1,7473572	-2,1782124	-1,1537346
4,42	-0,07899012	-1,4984187	-2,101616	-2,6569405	-0,6271337
4,44	1,13219183	-2,2356598	-0,63670826	-1,3260766	1,0579889
4,46	2,6488022	-2,561195	0,15798025	2,8292825	0,4835153
4,48	2,28018164	-1,9867213	-0,23457673	2,7814097	0,023936402
4,5	0,784635236	-1,6994845	2,360129	-2,2356598	-0,46436617
4,52	0,163246259	-1,4505459	-1,6707608	-6,0559096	0,062234644
4,54	0,331758537	-1,5462915	4,466532	-5,347392	0,71330476
4,56	1,03740362	-2,254809	6,678256	-0,78032666	1,1920328
4,58	2,30124565	-2,6760898	-2,0824668	1,1728836	1,2973529
4,6	2,97529452	-2,2356598	-4,5527034	-0,7994758	0,56011176
4,62	3,07008284	-1,6037389	-3,2697124	-0,5313881	-0,8186249
4,64	3,6809399	-1,5654407	-2,1111906	-0,59841	-1,3356512
4,66	3,2701911	-2,408002	-1,0005416	-0,50266445	-0,70373017
4,68	1,36389616	-2,3122563	-1,4409714	-0,23457673	-0,9622433
4,7	-0,110586168	-1,4026731	-0,9622433	0,5313881	-1,3739494
4,72	-0,131650211	-0,71330476	-0,39734426	-1,3739494	-0,78990126
4,74	1,56400442	-0,8281995	-1,2877784	1,1058618	0,23457673
4,76	3,31231912	-2,6186423	-2,5899186	6,563361	1,6899099
4,78	2,2380534	-3,039923	-2,4654493	6,323997	3,9399316
4,8	-0,616122936	-3,126094	-2,0633178	10,412334	7,0612383
4,82	-1,31123608	-1,622888	-1,8718265	0,9718179	7,922949
4,84	0,247502387	0,8281995	-1,7473572	-4,916537	4,7920675
4,86	1,03740362	0,27287498	-1,6611862	2,6569405	2,8580062
4,88	0,88995544	-2,4654493	-1,3643749	1,862252	7,089962
4,9	2,56454594	-4,0644007	-1,1920328	-2,5037475	11,963413
4,92	1,05846763	-3,126094	-1,3548003	-6,7931504	8,00912
4,94	-1,37442811	-1,9388485	-1,6899099	-3,3941817	1,3930986
4,96	-2,30124565	-2,1303396	-1,8909757	-2,427151	-3,6431203
4,98	-0,95314747	-1,6324625	-2,1590633	2,360129	-3,4707782
5	0,93208346	-1,6899099	-1,8048047	1,9579976	0,110107444
5,02	1,17431985	-2,8101335	-1,5558661	-2,9824755	1,3643749
5,04	1,35336421	-3,0111992	-1,3356512	-3,5473747	2,8484318
5,06	0,110586168	-2,7814097	-0,6845811	-3,1069448	-3,5473747
5,08	-2,32230966	-2,7431116	0,14840569	-1,5367169	-4,96441
5,1	-2,62773808	-1,5175679	0,359046	0,359046	0,44521707
5,12	-1,974753	-1,9196993	-0,4356425	0,39734426	3,365458
5,14	-1,079531684	-1,4409714	-1,2399056	-1,2877784	4,284616
5,16	0,66878306	-1,3069274	-0,61755913	-2,5420458	0,3111732
5,18	1,04793568	-1,3069274	2,714388	-1,7282082	-1,9867213
5,2	-1,16378779	-1,14416	5,0984535	-0,8186249	-0,8090504
5,22	-2,5540141	-2,0441687	2,2069361	-0,3877697	0,76117754
5,24	-1,51134434	-2,6856642	-5,38569	-0,26330042	0,014361841
5,26	0,289630462	-2,0824668	-8,296356	-0,49308985	0,7994758
5,28	0,837295294	-1,7856555	-9,41658	-1,0484143	1,6707608
5,3	-0,66878306	-2,0824668	-6,5346375	-0,8090504	0,6845811
5,32	-2,24858557	-2,5516202	-1,8431029	-0,17712937	0,16755481
5,34	-1,96422105	-3,8920588	0,9622433	1,0292653	0,665432
5,36	-0,68984707	-4,1601467	1,2782038	-0,54096264	0,5313881
5,38	-0,710911135	-3,2601378	1,0292653	-4,763344	-0,19627848
5,4	-1,19538386	-2,2739582	-1,383524	-2,3888528	-1,2399056
5,42	-0,95314747	-0,83777404	-3,4133308	-1,8431029	-0,2154276
5,44	-0,784635236	-2,34098	-4,0739756	-4,2080193	1,0005416
5,46	-0,658251	-1,6516117	-3,5665238	-1,9196993	0,3398969
5,48	-0,868891386	1,9579976	-2,3314054	-2,360129	0,043085523
5,5	-0,93208346	-3,039923	-1,5271424	-3,0303483	0,9526688
5,52	-0,437078686	-1,5941644	-1,0579889	-3,3367343	1,862252
5,54	-0,110586168	4,303765	-0,70373017	-0,5218136	0,91437054
5,56	-0,310694494	2,2931073	-0,2154276	0,8952214	-0,22500217
5,58	-0,331758537	-2,3314054	0,5218136	1,6037389	0,5792609
5,6	-0,68984707	-3,0877957	1,0388398	-1,8909757	-0,2920241
5,62	-1,23751188	-1,709059	1,2494801	-1,8526775	-0,85692316
5,64	-1,51134434	-1,0962871	1,4026731	-2,3984275	-1,6803354
5,66	-0,942615476	-2,34098	0,09095833	-2,905879	-1,5750152
5,68	0,710911135	-2,321831	-0,91437054	-3,173967	-0,6750065
5,7	2,18539343	-0,7994758	-1,5558661	-3,212265	-0,28244954
5,72	2,77518648	0,11968201	-2,5420458	-2,9537518	-0,4835153
5,74	1,62719656	-0,7228793	-0,92394507	-2,101616	-0,6558574
5,76	-0,595058904	-1,9962958	2,3984275	-1,5367169	-0,5313881
5,78	-1,7851768	-1,6803354	0,8090504	-1,8814012	0,5505372
5,8	-1,86943295	-1,383524	-1,5845897	-2,5899186	1,2877784
5,82	-1,42708819	-1,9675722	1,469695	-2,647366	0,78032666
5,84	-1,62719656	-2,3122563	-1,6611862	-3,4324799	2,2165108
5,86	-1,34283204	-1,383524	2,3505547	-2,0058703	5,692076
5,88	-1,41655624	-0,77075213	9,2825365	-2,714388	4,8303657
5,9	-0,32122651	-2,4175766	0,014361841	-1,8718265	-0,7324539
5,92	0,858359326	-2,8963046	-4,916537	-0,20585304	-4,08355
5,94	0,8267633	-2,168638	-3,2218397	2,6760898	-2,7909844
5,96	0,95314747	-2,1782124	-1,0101161	2,752686	0,7994758
5,98	0,679315043	-2,321831	-1,2207564	-0,37819514	4,8590894
6	0,226438344	-1,4984187	-1,7569319	-4,2271686	8,851681
6,02	0,34229052	-1,8239537	-3,193116	-2,0250196	8,181462
6,04	0,595058904	-2,494173	-1,3930986	2,733537	2,561195
6,06	1,20591581	-1,8814012	-0,70373017	3,8633351	-1,2399056
6,08	1,99581712	-1,5558661	-2,2069361	-2,5420458	0,8281995
6,1	2,575078	-1,4888442	-2,9250283	-3,5665238	8,957002
6,12	2,4065657	0,3877697	-1,2973529	-2,9824755	11,972988
6,14	1,32176803	-0,5792609	-0,05266008	-2,4654493	1,5271424
6,16	-0,194842307	-2,9920502	-0,110107444	-0,46436617	-5,9697385
6,18	-1,05846763	-2,819708	-0,78990126	0,85692316	-5,309094
6,2	-0,100054163	-1,3452257	-1,6133134	-1,9675722	2,3984275
6,22	1,34283204	-1,6707608	-2,2069361	-3,7867386	3,8824842
6,24	2,01688113	-3,4324799	-2,1303396	-2,4654493	-1,1345854
6,26	1,15325573	-3,4229054	-2,0824668	0,12925656	-2,580344
6,28	-0,384418595	-2,427151	-1,8814012	1,622888	-2,034594
6,3	-0,75303921	-1,6133134	-1,9867213	0,40691882	1,2590547
6,32	0,279098446	-1,3739494	-2,360129	-1,8431029	2,733537
6,34	3,90211217	-1,1154363	-1,6707608	-2,0633178	1,7665064
6,36	0,60559092	-1,0484143	-0,751603	-1,1250108	-0,71330476
6,38	-2,7225264	-2,6282167	-1,1154363	0,10053288	-1,8143792
6,4	2,34337356	-5,2516465	-1,9867213	0,85692316	-0,77075213
6,42	3,28072305	-5,912291	-2,0058703	-1,3260766	0,61755913
6,44	-1,19538386	-2,9250283	-0,91437054	-3,1452432	0,90479594
6,46	-0,300162478	0,22500217	-0,2441513	-2,580344	0,47394073
6,48	0,868891386	2,321831	-0,15798025	-0,18670394	-0,10053288
6,5	0,34229052	0,6750065	-0,3111732	0,92394507	-0,2441513
6,52	-1,67985664	-3,0686467	-1,9388485	-0,00478728	1,0005416
6,54	-0,74250715	-5,7303743	-1,8718265	-1,2973529	0,6271337
6,56	1,13219183	-5,376116	0,71330476	-1,2973529	-0,19627848
6,58	1,71145271	-0,91437054	3,5952475	-1,1058618	0,09095833
6,6	1,80624092	3,231414	2,360129	-0,33032233	0,7420284
6,62	0,710911135	1,5462915	-3,0016246	-1,4313968	0,59841
6,64	-0,226438344	-2,6760898	-6,668681	-2,6760898	0,0718092
6,66	1,85890089	-1,4792696	-5,6250544	-0,8473486	-0,39734426
6,68	1,72198477	1,14416	-7,2623043	1,622888	-0,33032233
6,7	1,258576	2,5516202	-5,5101595	0,85692316	0,09095833
6,72	1,86943295	-0,11968201	-1,4888442	-1,6899099	0,062234644
6,74	0,58452691	-5,912291	2,3505547	-4,3707867	-0,20585304
6,76	-2,25911741	-3,2218397	3,212265	-5,414414	0,13883112
6,78	-2,84891046	1,1345854	1,6994845	-4,1792955	0,09095833
6,8	-1,53240846	-1,4505459	-1,6037389	-2,3888528	-0,18670394
6,82	-0,521334803	-1,709059	-4,351638	-1,5845897	-0,37819514
6,84	1,13219183	-1,1633091	-4,782493	-1,2399056	-0,8664977
6,86	0,205374334	-2,3984275	-3,6814184	-0,34947145	-0,98139244
6,88	-0,226438344	-1,9196993	-2,3122563	-1,1824582	-0,7228793
6,9	0,07899012	-1,3260766	-1,2877784	-4,935686	-0,7994758
6,92	0,552930895	-1,8431029	-0,90479594	-4,504831	-0,39734426
6,94	0,247502387	-2,3792782	-1,9867213	-0,34947145	-0,37819514
6,96	-0,97421148	-2,9537518	-2,2452345	3,2792869	-0,5505372
6,98	-1,21644798	-2,9154537	0,7324539	2,101616	-0,47394073
7	-1,40602418	-2,9920502	2,1399143	-1,3356512	-0,23457673
7,02	-1,11112771	-2,6856642	1,6133134	-2,972901	0,5888355
7,04	-0,331758537	-2,5037475	1,6037389	-3,518651	1,2877784
7,06	-0,226438344	-2,0250196	-0,71330476	-3,4133308	2,1399143
7,08	-0,68984707	-1,8431029	-2,2643836	-2,7048132	1,9867213
7,1	-0,98474354	-2,0537431	1,9771467	-1,4792696	0,69415563
7,12	-0,74250715	-2,714388	3,059072	-0,69415563	5,088879
7,14	-0,81623124	-1,8143792	2,5994933	-0,59841	11,36979
7,16	-1,24804394	-1,2590547	7,02294	-0,19627848	8,047418
7,18	-0,63718699	-2,4845984	3,3175852	2,034594	-0,00478728
7,2	0,152714232	-1,8526775	-6,285699	1,2016073	-6,132506
7,22	0,100054163	-1,1250108	-8,392102	-1,9101248	-5,538883
7,24	0,34229052	-1,6420372	-1,5271424	-2,3505547	-1,1537346
7,26	0,489738777	-1,9867213	-0,3398969	-0,05266008	0,64628285
7,28	0,489738777	-1,79523	0,36862057	2,7431116	2,2739582
7,3	0,142182216	-1,4505459	1,2877784	3,3941817	4,993133
7,32	-0,121118188	-1,8335283	-0,6845811	3,9686553	5,7016506
7,34	0,331758537	-2,7814097	-1,4313968	4,0548263	1,4984187
7,36	0,79516723	-2,149489	-2,7431116	0,85692316	-4,7250457
7,38	0,63718699	-1,776081	-2,3505547	0,9526688	-8,1623125
7,4	0,510802787	-1,7186337	-0,7324539	-0,14840569	-2,5420458
7,42	1,026871626	-1,6516117	-1,4888442	-1,2399056	3,690993
7,44	0,74250715	-1,5367169	-1,79523	-4,150572	6,5825105
7,46	0,089522142	-1,4026731	-0,92394507	-2,494173	5,7782474
7,48	-0,194842307	-1,8239537	-0,42606795	0,15798025	4,73462
7,5	-0,47920675	-2,1111906	-0,5792609	0,359046	-4,466532
7,52	-0,289630462	-1,9196993	-0,91437054	-1,8048047	-9,119769
7,54	0,57399496	-1,6420372	-0,83777404	-2,7048132	2,3697038
7,56	0,88995544	-1,6707608	-0,59841	-1,2877784	3,5665238
7,58	0,679315043	-2,0824668	-2,254809	0,59841	0,4356425
7,6	0,774103187	-2,4463003	-1,7569319	0,8856468	-3,384607
7,62	1,34283204	-1,5845897	-0,20585304	-0,8856468	-1,6994845
7,64	1,090063744	-1,4218222	-1,4409714	-1,8526775	2,4367256
7,66	0,53186683	-1,862252	-1,8335283	-1,1345854	2,7718353
7,68	0,110586168	-1,6707608	-0,91437054	-0,33032233	0,28244954
7,7	-0,152714232	-1,0101161	-0,76117754	-0,44521707	-0,5792609
7,72	-0,416014654	-1,2111819	-0,71330476	-0,56968635	-0,0718092
7,74	-1,15325573	-1,8431029	-0,2154276	-0,12925656	1,6803354
7,76	-2,62773808	-1,9579976	-0,33032233	0,15798025	1,8335283
7,78	-2,68039816	-2,7909844	-1,14416	-1,2016073	1,2782038
7,8	-0,437078686	-1,3165021	-1,4984187	-2,2069361	0,78032666
7,82	1,73251672	0,10053288	-1,3165021	-1,6803354	0,5792609
7,84	2,53294987	-1,2782038	-0,78032666	-1,6324625	1,1154363
7,86	1,93262509	-2,2931073	-0,50266445	-2,8292825	0,83777404
7,88	0,763571193	-2,6760898	-1,0867126	-3,1069448	-0,10053288
7,9	-0,100054163	-2,4558747	-3,020774	-1,1824582	-0,36862057
7,92	-0,7319752	-2,427151	-3,2505634	-1,2303311	0,2154276
7,94	-1,14272378	-2,0633178	-1,0771381	0,12925656	0,9622433
7,96	-0,81623124	-2,475024	1,8431029	0,665432	0,91437054
7,98	0,384418595	-2,1973617	3,3175852	-3,8633351	0,4835153
8	1,31123608	-2,0920415	2,0250196	-5,2899446	0,16755481
8,02	0,995275534	-2,7239625	-1,3452257	-3,2218397	0,00478728
8,04	0,089522142	-6,0559096	-2,149489	-0,26330042	0,40691882
8,06	-0,047394075	-7,961247	-0,14840569	-0,3111732	0,11968201
8,08	0,036862056	-5,4239883	1,4984187	-2,9920502	-0,34947145
8,1	-0,121118188	-1,9579976	0,26330042	-5,0984535	0,081383765
8,12	0,110586168	-0,56011176	-0,3398969	-5,2133484	0,17712937
8,14	0,616122936	0,03351096	3,2409887	-2,4463003	-0,0718092
8,16	1,67985664	-0,6271337	-2,2931073	0,26330042	-0,44521707
8,18	2,5540141	-2,4463003	-9,033598	0,6845811	0,5792609
8,2	2,88050653	-4,5239797	3,2601378	0,665432	0,49308985
8,22	2,1222014	-4,772918	7,9133744	0,4164934	-0,7420284
8,24	0,90048739	-3,5282254	-1,5079932	0,33032233	-1,9579976
8,26	-0,036862056	-2,5994933	-5,845269	-0,7228793	-2,6856642
8,28	0,131650211	-1,8814012	-4,0069537	-1,79523	-2,3122563
8,3	1,05846763	-1,1728836	-1,3260766	-1,709059	-1,5845897
8,32	1,93262509	-1,1250108	1,5079932	0,59841	0,11968201
8,34	2,53294987	-2,187787	1,5941644	4,4090853	2,1399143
8,36	2,1432653	-2,0441687	-0,64628285	1,7856555	3,8633351
8,38	2,32230966	-1,2399056	-1,5750152	-1,4313968	5,041006
8,4	1,99581712	-1,2877784	-1,8048047	1,1920328	4,1792955
8,42	1,26910806	-2,3888528	-1,0867126	5,452712	6,410168
8,44	0,79516723	-2,187787	-0,37819514	12,949593	5,481436
8,46	1,5218764	-1,2590547	-1,14416	11,676176	1,9388485
8,48	-0,72144314	-0,13883112	-1,5654407	-1,6420372	-0,5792609
8,5	-1,34283204	0,5888355	-0,8090504	-1,8431029	-1,8431029
8,52	-0,258034403	0,59841	-0,37819514	1,1154363	-1,1633091
8,54	1,13219183	1,9196993	-0,7994758	4,045252	0,15798025
8,56	-0,215906328	1,7856555	-1,1633091	0,6845811	0,8473486
8,58	-1,23751188	0,7994758	-1,0675635	-6,2282515	1,3260766
8,6	-0,34229052	-3,930357	-1,2686293	-5,0601554	1,7856555
8,62	0,510802787	-11,063405	-0,8090504	-2,254809	1,1824582
8,64	0,363354563	-0,78990126	-0,09095833	0,6558574	-0,76117754
8,66	-0,616122936	9,665519	-0,46436617	1,4601204	-2,0728924
8,68	-1,32176803	-1,2973529	-1,1728836	-0,99096704	-2,321831
8,7	-1,05846763	-8,296356	-1,4409714	-2,714388	-0,7420284
8,72	-0,205374334	-2,494173	-1,2207564	-2,360129	1,5079932
8,74	-0,047394075	1,1920328	-1,3260766	-0,4835153	2,6090677
8,76	-1,33230009	-3,6526947	-1,3356512	0,27287498	3,231414
8,78	-1,90102902	-4,045252	-0,2920241	-0,92394507	4,1026993
8,8	-0,942615476	0,76117754	0,16755481	-2,0250196	2,0728924
8,82	-0,60559092	1,0579889	-0,19627848	-2,2931073	1,2877784
8,84	-1,24804394	-4,495256	-1,2782038	-1,0388398	3,346309
8,86	-1,026871626	-10,153821	-2,88673	-0,8760723	-2,1590633
8,88	-0,7319752	-4,121848	-4,1409974	-3,3750327	4,7441945
8,9	-0,774103187	2,3314054	-2,9154537	-2,6569405	-3,911208
8,92	-0,363354563	-2,7814097	0,359046	1,1058618	-6,2474008
8,94	-0,405482627	-5,3186684	1,4218222	-1,0579889	-0,56011176
8,96	-1,016339577	-2,6090677	-1,4984187	-1,2782038	4,2654667
8,98	-1,41655624	-0,8856468	-3,9016335	-2,6952388	3,499502
9	-1,30070402	-1,9771467	-0,7228793	-1,3260766	0,14840569
9,02	-0,47920675	-2,1303396	2,1303396	-1,1058618	-0,90479594
9,04	-0,163246259	-1,6420372	2,8101335	-3,671844	1,3069274
9,06	-0,616122936	-1,9675722	0,59841	-5,452712	3,7197168
9,08	-1,10059576	-2,3122563	1,0292653	-4,2654667	2,0920415
9,1	-0,96367953	-2,5228968	5,1271772	0,9526688	0,42606795
9,12	-0,710911135	-2,254809	7,12826	1,2686293	-0,6079846
9,14	-0,7319752	-2,3505547	-2,0250196	-1,3356512	-0,023936402
9,16	-0,363354563	-2,6090677	-0,32074776	-5,7782474	0,9622433
9,18	-0,405482627	-3,1835413	5,0984535	-3,3941817	1,2303311
9,2	-0,88995544	-3,3175852	0,26330042	-1,8048047	0,85692316
9,22	-0,921551444	-2,7239625	-5,9027166	-1,0867126	0,5218136
9,24	-0,626654985	-2,475024	-4,7920675	0,19627848	0,76117754
9,26	-0,616122936	-2,1399143	-1,8335283	0,4164934	0,46436617
9,28	-0,616122936	-2,4175766	-0,6750065	0,5218136	0,512239
9,3	-0,510802787	-3,3367343	1,1824582	-0,11968201	0,26330042
9,32	-0,858359326	-2,3026817	1,3356512	-1,8048047	-0,2154276
9,34	-1,03740362	-1,5175679	0,043085523	-2,3026817	-0,25372586
9,36	-0,64771905	-2,475024	-1,7282082	4,868664	-0,56968635
9,38	-0,363354563	-3,193116	-2,5516202	6,5825105	-0,5218136
9,4	-0,837295294	-2,7814097	-1,0579889	5,941015	-0,25372586
9,42	-1,005807594	-1,4313968	-0,28244954	9,655944	1,1250108
9,44	-0,37388659	-1,7665064	-1,776081	9,7899885	1,9388485
9,46	0,437078686	-2,666515	-1,2877784	3,2601378	-0,50266445
9,48	0,774103187	-2,427151	-0,33032233	-2,8963046	-2,4558747
9,5	0,57399496	-1,8048047	-0,8281995	5,0984535	-2,9633265
9,52	0,63718699	0	-1,1633091	6,2474008	-2,714388
9,54	0,521334803	1,4792696	-1,383524	-4,6388745	-0,19627848
9,56	0,489738777	0,2441513	-1,2782038	-9,809137	2,5324712
9,58	-0,194842307	-1,4601204	-1,2016073	-6,094208	4,83994
9,6	-1,67985664	-3,078221	-0,99096704	0,91437054	1,5845897
9,62	-1,60613244	-4,4186597	-0,63670826	5,4239883	3,2888615
9,64	-1,17431985	-3,4612036	-0,8473486	1,0771381	5,7686725
9,66	0,363354563	-1,4122477	-1,3548003	-3,9782298	3,6335456
9,68	0,679315043	-0,6750065	-1,3260766	-5,672927	1,383524
9,7	0,7319752	-0,8090504	-1,4218222	-2,5899186	-0,77075213
9,72	0,595058904	-1,7569319	-0,359046	0,50266445	-0,49308985
9,74	-0,384418595	-3,2697124	-0,05266008	0,27287498	0,5888355
9,76	-1,72198477	-3,7005677	-0,11968201	-2,321831	0,9718179
9,78	-0,595058904	-3,690993	0,09095833	-3,212265	1,0675635
9,8	1,49028033	-3,451629	-0,023936402	-2,8580062	0,91437054
9,82	2,54348193	-4,5239797	-1,0867126	-0,93351966	-0,7420284
9,84	2,97529452	-4,801642	-2,2931073	-0,4835153	-1,6707608
9,86	3,45976752	-3,7005677	-3,1835413	-1,9867213	-1,6899099
9,88	3,5545554	-1,5558661	-2,972901	-2,9346027	-1,3165021
9,9	3,5124276	-0,42606795	-1,79523	-2,5899186	0,3398969
9,92	2,9858268	-0,93351966	-0,20585304	0,3398969	1,0962871
9,94	1,75358084	-2,2835326	0,2154276	0,92394507	1,4122477
9,96	1,65879252	-2,8292825	-2,2069361	-0,44521707	1,8718265
9,98	2,7435903	-3,0016246	-3,7388659	-1,5558661	1,4601204
